  -3.810000000000000E-001
  -4.610000000000000E-001
  -4.150000000000000E-001
  -2.250000000000000E-001
  -3.700000000000000E-001
  -4.000000000000000E-001
  -5.190000000000000E-001
  -2.730000000000000E-001
  -4.750000000000000E-001
  -2.630000000000000E-001
  -2.220000000000000E-001
  -2.900000000000000E-001
  -2.240000000000000E-001
  -3.050000000000000E-001
  -2.910000000000000E-001
  -3.390000000000000E-001
  -2.630000000000000E-001
  -3.300000000000000E-001
  -3.760000000000000E-001
  -4.220000000000000E-001
  -4.550000000000000E-001
  -2.120000000000000E-001
  -6.000000000000000E-002
  -2.890000000000000E-001
  -2.950000000000000E-001
  -2.450000000000000E-001
  -2.620000000000000E-001
  -3.170000000000000E-001
  -3.480000000000000E-001
  -3.500000000000000E-001
  -2.560000000000000E-001
  -3.460000000000000E-001
  -3.120000000000000E-001
  -2.030000000000000E-001
  -4.100000000000000E-001
  -3.520000000000000E-001
  -4.080000000000000E-001
  -4.480000000000000E-001
  -4.110000000000000E-001
  -3.630000000000000E-001
  -1.990000000000000E-001
  -1.840000000000000E-001
  -3.390000000000000E-001
  -2.520000000000000E-001
  -1.910000000000000E-001
  -2.580000000000000E-001
  -3.490000000000000E-001
  -4.460000000000000E-001
  -4.440000000000000E-001
  -3.700000000000000E-001
  -2.920000000000000E-001
  -5.060000000000000E-001
  -4.790000000000000E-001
  -4.480000000000000E-001
  -4.410000000000000E-001
  -4.620000000000000E-001
  -4.060000000000000E-001
  -3.940000000000000E-001
  -2.490000000000000E-001
  -1.610000000000000E-001
  -3.710000000000000E-001
  -4.990000000000000E-001
  -4.070000000000000E-001
  -2.900000000000000E-001
  -2.900000000000000E-001
  -2.150000000000000E-001
  -3.210000000000000E-001
  -2.950000000000000E-001
  -3.420000000000000E-001
  -2.440000000000000E-001
  -1.130000000000000E-001
  -2.170000000000000E-001
  -2.230000000000000E-001
  -3.540000000000000E-001
  -1.520000000000000E-001
  -9.700000000000000E-002
  -1.380000000000000E-001
  -2.380000000000000E-001
  -1.360000000000000E-001
  -1.710000000000000E-001
  -1.190000000000000E-001
  -2.400000000000000E-002
   7.400000000000000E-002
  -4.200000000000000E-002
  -8.100000000000000E-002
   2.700000000000000E-002
  -1.700000000000000E-002
  -2.000000000000000E-003
   1.540000000000000E-001
   3.900000000000000E-002
  -1.140000000000000E-001
  -1.010000000000000E-001
  -9.200000000000000E-002
  -9.800000000000000E-002
  -2.070000000000000E-001
  -9.300000000000000E-002
  -2.000000000000000E-002
   4.300000000000000E-002
  -1.680000000000000E-001
  -1.900000000000000E-001
  -2.750000000000000E-001
  -5.000000000000000E-003
   6.400000000000000E-002
   1.300000000000000E-002
  -2.900000000000000E-002
   1.400000000000000E-002
   2.000000000000000E-003
   3.400000000000000E-002
  -2.360000000000000E-001
  -1.680000000000000E-001
  -8.300000000000000E-002
  -9.800000000000000E-002
  -1.090000000000000E-001
   3.700000000000000E-002
  -3.300000000000000E-002
  -1.900000000000000E-001
  -4.600000000000000E-002
   8.599999999999999E-002
  -1.730000000000000E-001
  -1.270000000000000E-001
  -2.020000000000000E-001
   5.800000000000000E-002
  -3.900000000000000E-002
   6.800000000000001E-002
   1.000000000000000E-001
   1.340000000000000E-001
   1.900000000000000E-002
   2.220000000000000E-001
   3.100000000000000E-002
   1.200000000000000E-002
   9.600000000000000E-002
   2.550000000000000E-001
   2.390000000000000E-001
   1.640000000000000E-001
   3.080000000000000E-001
   2.510000000000000E-001
   1.160000000000000E-001
   1.790000000000000E-001
   2.330000000000000E-001
   3.730000000000000E-001
   2.270000000000000E-001
   4.110000000000000E-001
   5.800000000000000E-001
   3.400000000000000E-001
   2.910000000000000E-001
   4.230000000000000E-001
   4.750000000000000E-001
   4.770000000000000E-001
   4.580000000000000E-001
   4.850000000000000E-001
